0.0	0.0	0.4991925823507361	0.5022645656985883
1.0	0.02	0.5019693085842194	0.5050583796394061
2.0	0.04	0.5036700019616275	0.5067695389209962
3.0	0.06	0.5054085924512466	0.5085188285299966
4.0	0.08	0.5071963684845683	0.5103176063658255
5.0	0.1	0.5090199140484353	0.5121523738544652
6.0	0.12	0.510886410777616	0.5140303568257768
7.0	0.14	0.512803435289843	0.515959178523273
8.0	0.16	0.5147696828448358	0.5179375261774265
9.0	0.18	0.5167888930661264	0.5199691624250542
10.0	0.2	0.5188659485996446	0.5220589999594217
11.0	0.22	0.5210103473580161	0.5242165951423992
12.0	0.24	0.5232041482077442	0.5264238964324727
13.0	0.26	0.5254547169428044	0.5286883149520083
14.0	0.28	0.5277763038305746	0.5310241886631648
15.0	0.3	0.5301658945888978	0.5334284847341816
16.0	0.32	0.5326162069520135	0.5358938760849318
17.0	0.34	0.5351450088116684	0.5384382399490666
18.0	0.36	0.5377726823209135	0.541082083909455
19.0	0.38	0.5405052954818599	0.5438315133101119
20.0	0.4	0.5433452805629677	0.5466889753874448
21.0	0.42	0.5463026347993082	0.5496645288985521
22.0	0.44	0.5493857928502847	0.5527666604089233
23.0	0.46	0.5526060611944047	0.556006745976052
24.0	0.48	0.5559726208102508	0.5593940230773838
25.0	0.5	0.5594872582338634	0.5629302892431308
26.0	0.52	0.5631273458596044	0.5665927776195369
27.0	0.54	0.5669488552359807	0.570437804198658
28.0	0.56	0.570969989872326	0.5744836845124813
29.0	0.58	0.5752022595957801	0.5787419992185209
30.0	0.6	0.5796509698224614	0.5832180863819175
31.0	0.62	0.5843092064522094	0.5879049893538005
32.0	0.64	0.5892463360378947	0.5928725015621642
33.0	0.66	0.5944729584320916	0.5981312880900606
34.0	0.68	0.5999993045646901	0.6036916428275423
35.0	0.7	0.6058775550039731	0.6096060674571127
36.0	0.72	0.6121603753063034	0.6159275516339249
37.0	0.74	0.618914100130344	0.6227228382337789
38.0	0.76	0.6262366074835143	0.630090407595979
39.0	0.78	0.634184951334614	0.638087664793985
40.0  0.8   0.642832  0.646788
41.0  0.81  0.647441  0.651425
42.0  0.82  0.652299  0.656313
43.0  0.83  0.657441  0.661487
44.0  0.84  0.662884  0.666963
45.0  0.85  0.668676  0.672791
46.0  0.86  0.674868  0.679021
47.0  0.87  0.681512  0.685706
48.0  0.88  0.688664  0.692902
49.0  0.89  0.696408  0.700694
50.0  0.9   0.704839  0.709176
51.0  0.91  0.714093  0.718487
52.0  0.92  0.724291  0.728749
53.0  0.93  0.735609  0.740135
54.0  0.94  0.748394  0.753
55.0  0.95  0.763155  0.767852
56.0  0.96  0.780613  0.785417
57.0  0.97  0.801979  0.806914
58.0  0.98  0.829533  0.834638
59.0  0.99  0.870229  0.875584
60.0  1.0   1.0       1.00615
